436,5
436,4
436,1
436,3
0,313
453,1
436,0
453,11
453,3
0,424
0,410
453,0
0,476
0,9
0,310
0,305
0,473
0,465
0,453
0,497
0,456
0,455
0,509
0,454
0,452
0,450
0,447
0,334
0,353
0,376
0,326
0,346
0,370
0,336
0,335
0,308
0,304
0,303
0,302
0,307
0,444
0,12
0,439
0,10
0,343
0,8
0,0
0,469
0,300
0,495
0,299
0,493
0,298
0,349
0,297
0,395
0,296
0,420
0,295
0,489
0,294
0,321
0,293
0,494
0,292
0,377
0,291
0,470
0,290
0,467
0,289
0,380
0,288
0,371
0,287
0,451
0,286
0,402
0,285
0,367
0,284
0,319
0,283
0,511
0,282
0,389
0,281
0,341
0,280
0,492
0,279
0,449
0,278
0,309
0,277
0,357
0,276
0,317
0,275
0,426
0,274
0,388
0,273
0,488
0,272
0,324
0,271
0,314
0,270
0,316
0,269
0,466
0,268
0,315
0,267
0,306
0,266
0,390
0,265
0,366
0,264
0,501
0,263
0,500
0,262
0,365
0,261
0,311
0,260
0,472
0,259
0,440
0,258
0,374
0,257
0,499
0,256
0,423
0,255
0,301
0,254
0,468
0,253
0,328
0,252
0,386
0,251
0,457
0,250
0,463
0,249
0,448
0,248
0,401
0,247
0,471
0,246
0,413
0,245
0,474
0,244
0,327
0,242
0,462
0,241
0,323
0,240
0,399
0,239
0,483
0,238
0,381
0,237
0,364
0,236
0,496
0,235
0,350
0,234
0,348
0,233
0,375
0,232
0,379
0,231
0,404
0,230
0,422
0,229
0,403
0,228
0,320
0,227
0,396
0,226
0,391
0,225
0,378
0,224
0,325
0,223
0,433
0,222
0,464
0,221
0,352
0,220
0,337
0,219
0,363
0,218
0,475
0,217
0,421
0,216
0,510
0,215
0,345
0,214
0,429
0,213
0,416
0,212
0,480
0,211
0,373
0,210
0,427
0,209
0,461
0,208
0,415
0,207
0,478
0,206
0,481
0,205
0,383
0,204
0,460
0,203
0,372
0,202
0,445
0,201
0,318
0,200
0,199
0,435
0,198
